100 0
200 0
300 0
400 0
500 0
600 997
700 0
800 999
900 995
1000 997
1100 997
1200 998
1300 1994
1400 1995
1500 1995
1600 2992
1700 1994
1800 3990
1900 2992
2000 3989
2100 4987
2200 4986
2300 4987
2400 6015
2500 5984
2600 6951
2700 6981
2800 7979
2900 8976
3000 9006
3100 8976
3200 10939
3300 10971
3400 11008
3500 11967
3600 12966
3700 13963
3800 13963
3900 14922
4000 15958
4100 16954
4200 17952
4300 17990
4400 18949
4500 19946
4600 20950
4700 21899
4800 24935
4900 23935
5000 23936
5100 25930
5200 26964
5300 27920
5400 28893
5500 30916
5600 30918
5700 34945
5800 32911
5900 35867
6000 34942
6100 36865
6200 37898
6300 38896
6400 40891
6500 40928
6600 42848
6700 44881
6800 45876
6900 45878
7000 48906
7100 48869
7200 51862
7300 52853
7400 53826
7500 55849
7600 55851
7700 58842
7800 60839
7900 60837
8000 63829
8100 63830
8200 66820
8300 67820
8400 69812
8500 71808
8600 72805
8700 74800
8800 75797
8900 78790
9000 79786
9100 81782
9200 83776
9300 85807
9400 86731
9500 87766
9600 90757
9700 92752
9800 95776
9900 95712
10000 97738
