100 0.000000
200 0.000000
300 0.000000
400 0.000000
500 0.001000
600 0.001000
700 0.001000
800 0.002000
900 0.002000
1000 0.003000
1100 0.003000
1200 0.003000
1300 0.004000
1400 0.005000
1500 0.005000
1600 0.006000
1700 0.006000
1800 0.007000
1900 0.008000
2000 0.009000
2100 0.010000
2200 0.014000
2300 0.013000
2400 0.015000
2500 0.014000
2600 0.015000
2700 0.016000
2800 0.019000
2900 0.018000
3000 0.021000
3100 0.022000
3200 0.023000
3300 0.024000
3400 0.028000
3500 0.029000
3600 0.033000
3700 0.029000
3800 0.032000
3900 0.033000
4000 0.034000
4100 0.036000
4200 0.041000
4300 0.044000
4400 0.041000
4500 0.045000
4600 0.045000
4700 0.048000
4800 0.050000
4900 0.052000
5000 0.053000
5100 0.059000
5200 0.060000
5300 0.060000
5400 0.063000
5500 0.068000
5600 0.088000
5700 0.086000
5800 0.072000
5900 0.075000
6000 0.078000
6100 0.081000
6200 0.087000
6300 0.084000
6400 0.089000
6500 0.092000
6600 0.096000
6700 0.099000
6800 0.100000
6900 0.102000
7000 0.106000
7100 0.109000
7200 0.113000
7300 0.121000
7400 0.120000
7500 0.122000
7600 0.130000
7700 0.127000
7800 0.131000
7900 0.135000
8000 0.138000
8100 0.142000
8200 0.145000
8300 0.149000
8400 0.152000
8500 0.159000
8600 0.160000
8700 0.182000
8800 0.179000
8900 0.172000
9000 0.177000
9100 0.178000
9200 0.185000
9300 0.194000
9400 0.191000
9500 0.198000
9600 0.199000
9700 0.203000
9800 0.210000
9900 0.212000
10000 0.227000
